month,peak,gain,% gain
2011-11-01,680.0,0.0,0.0
2012-02-01,204.0,-476.0,-70.0
2012-03-01,1263.0,1059.0,519.1
2012-04-01,1899.0,636.0,50.4
2012-05-01,2919.0,1020.0,53.7
2012-06-01,2732.0,-187.0,-6.4
2012-07-01,52261.0,49529.0,1812.9
2012-08-01,52596.0,335.0,0.6
2012-09-01,36870.0,-15726.0,-29.9
2012-10-01,50533.0,13663.0,37.1
2012-11-01,50533.0,0.0,0.0
2012-12-01,31359.0,-19174.0,-37.9
2013-01-01,35238.0,3879.0,12.4
2013-02-01,35597.0,359.0,1.0
2013-03-01,32414.0,-3183.0,-8.9
2013-04-01,53379.0,20965.0,64.7
2013-05-01,53381.0,2.0,0.0
2013-06-01,42149.0,-11232.0,-21.0
2013-07-01,50511.0,8362.0,19.8
2013-08-01,52052.0,1541.0,3.1
2013-09-01,53263.0,1211.0,2.3
2013-10-01,92279.0,39016.0,73.3
2013-11-01,96298.0,4019.0,4.4
2013-12-01,102084.0,5786.0,6.0
2014-01-01,119764.0,17680.0,17.3
2014-02-01,164495.0,44731.0,37.3
2014-03-01,164781.0,286.0,0.2
2014-04-01,170137.0,5356.0,3.3
2014-05-01,173629.0,3492.0,2.1
2014-06-01,194016.0,20387.0,11.7
2014-07-01,277192.0,83176.0,42.9
2014-08-01,275014.0,-2178.0,-0.8
2014-09-01,260613.0,-14401.0,-5.2
2014-10-01,348018.0,87405.0,33.5
2014-11-01,367634.0,19616.0,5.6
2014-12-01,443188.0,75554.0,20.6
2015-01-01,455508.0,12320.0,2.8
2015-02-01,595439.0,139931.0,30.7
2015-03-01,568556.0,-26883.0,-4.5
2015-04-01,569848.0,1292.0,0.2
2015-05-01,681170.0,111322.0,19.5
2015-06-01,611284.0,-69886.0,-10.3
2015-07-01,546142.0,-65142.0,-10.7
2015-08-01,819902.0,273760.0,50.1
2015-09-01,725939.0,-93963.0,-11.5
2015-10-01,786707.0,60768.0,8.4
2015-11-01,691930.0,-94777.0,-12.0
2015-12-01,823694.0,131764.0,19.0
2016-01-01,667432.0,-156262.0,-19.0
2016-02-01,738969.0,71537.0,10.7
2016-03-01,800869.0,61900.0,8.4
2016-04-01,850485.0,49616.0,6.2
2016-05-01,638088.0,-212397.0,-25.0
2016-06-01,579110.0,-58978.0,-9.2
2016-07-01,636056.0,56946.0,9.8
2016-08-01,599095.0,-36961.0,-5.8
2016-09-01,638360.0,39265.0,6.6
2016-10-01,661985.0,23625.0,3.7
2016-11-01,627124.0,-34861.0,-5.3
2016-12-01,662460.0,35336.0,5.6
2017-01-01,814616.0,152156.0,23.0
2017-02-01,744468.0,-70148.0,-8.6
2017-03-01,742356.0,-2112.0,-0.3
2017-04-01,695235.0,-47121.0,-6.3
2017-05-01,697189.0,1954.0,0.3
2017-06-01,614621.0,-82568.0,-11.8
2017-07-01,640277.0,25656.0,4.2
2017-08-01,598656.0,-41621.0,-6.5
2017-09-01,681413.0,82757.0,13.8
2017-10-01,644082.0,-37331.0,-5.5
2017-11-01,602797.0,-41285.0,-6.4
2017-12-01,601351.0,-1446.0,-0.2
2018-01-01,719298.0,117947.0,19.6
2018-02-01,691196.0,-28102.0,-3.9
2018-03-01,674462.0,-16734.0,-2.4
2018-04-01,523827.0,-150635.0,-22.3
2018-05-01,454436.0,-69391.0,-13.2
2018-06-01,422310.0,-32126.0,-7.1
2018-07-01,429650.0,7340.0,1.7
2018-08-01,456907.0,27257.0,6.3
2018-09-01,587639.0,130732.0,28.6
2018-10-01,567916.0,-19723.0,-3.4
2018-11-01,546192.0,-21724.0,-3.8
2018-12-01,749638.0,203446.0,37.2
2019-01-01,687299.0,-62339.0,-8.3
2019-02-01,656097.0,-31202.0,-4.5
2019-03-01,683952.0,27855.0,4.2
2019-04-01,622852.0,-61100.0,-8.9
2019-05-01,592848.0,-30004.0,-4.8
2019-06-01,591839.0,-1009.0,-0.2
2019-07-01,579696.0,-12143.0,-2.1
2019-08-01,659195.0,79499.0,13.7
2019-09-01,723700.0,64505.0,9.8
2019-10-01,754909.0,31209.0,4.3
2019-11-01,764438.0,9529.0,1.3
2019-12-01,771640.0,7202.0,0.9
2020-01-01,822490.0,50850.0,6.6
2020-02-01,933748.0,111258.0,13.5
2020-03-01,1226724.0,292976.0,31.4
2020-04-01,1308963.0,82239.0,6.7
2020-05-01,1179111.0,-129852.0,-9.9
2020-06-01,957636.0,-221475.0,-18.8
2020-07-01,861948.0,-95688.0,-10.0
2020-08-01,932283.0,70335.0,8.2
2020-09-01,980879.0,48596.0,5.2
2020-10-01,951748.0,-29131.0,-3.0
2020-11-01,1040051.0,88303.0,9.3
2020-12-01,1169661.0,129610.0,12.5
2021-01-01,1125411.0,-44250.0,-3.8
2021-02-01,1125838.0,427.0,0.0
2021-03-01,1201993.0,76155.0,6.8
2021-04-01,1150982.0,-51011.0,-4.2
2021-05-01,1088168.0,-62814.0,-5.5
2021-06-01,929940.0,-158228.0,-14.5
2021-07-01,766510.0,-163430.0,-17.6
2021-08-01,804133.0,37623.0,4.9
2021-09-01,949817.0,145684.0,18.1
2021-10-01,866030.0,-83787.0,-8.8
2021-11-01,944330.0,78300.0,9.0
2021-12-01,950586.0,6256.0,0.7
2022-01-01,992455.0,41869.0,4.4
2022-02-01,997730.0,5275.0,0.5
2022-03-01,993808.0,-3922.0,-0.4
2022-04-01,1016762.0,22954.0,2.3
2022-05-01,932681.0,-84081.0,-8.3
2022-06-01,906968.0,-25713.0,-2.8
2022-07-01,928329.0,21361.0,2.4
2022-08-01,1039889.0,111560.0,12.0
2022-09-01,1103223.0,63334.0,6.1
2022-10-01,1090858.0,-12365.0,-1.1
2022-11-01,1132952.0,42094.0,3.9
2022-12-01,1067327.0,-65625.0,-5.8
2023-01-01,1200077.0,132750.0,12.4
2023-02-01,1355797.0,155720.0,13.0
2023-03-01,1519457.0,163660.0,12.1
2023-04-01,1514410.0,-5047.0,-0.3
2023-05-01,1818773.0,304363.0,20.1
2023-06-01,1673717.0,-145056.0,-8.0
2023-07-01,1226527.0,-447190.0,-26.7
2023-08-01,1539504.0,312977.0,25.5
