month,peak,gain,% gain
2004-01-01,23241.0,0.0,0.0
2004-02-01,39709.0,16468.0,70.9
2004-04-01,84182.0,35217.0,88.7
2004-06-01,80908.0,-3274.0,40.900000000000006
2004-07-01,84804.0,3896.0,11.9
2004-08-01,106329.0,21525.0,26.6
2004-09-01,112213.0,5884.0,15.2
2004-10-01,104471.0,-17190.0,-21.5
2004-11-01,109489.0,5018.0,72.4
2004-12-01,184832.0,75343.0,270.9
2005-01-01,123087.0,-61745.0,-88.7
2005-02-01,133840.0,10753.0,22.4
2005-03-01,160213.0,26373.0,54.4
2005-04-01,144177.0,-16036.0,-28.6
2005-05-01,155271.0,11094.0,35.9
2005-06-01,114799.0,-40472.0,-87.4
2005-07-01,159457.0,44658.0,125.1
2005-08-01,205663.0,46206.0,110.19999999999999
2005-09-01,185147.0,-20516.0,-32.4
2005-11-01,128508.0,-56639.0,-103.3
2005-12-01,206618.0,78110.0,302.2
2006-08-01,205654.0,-964.0,-8.0
2006-11-01,137798.0,-67856.0,-118.30000000000001
2006-12-01,183932.0,46134.0,303.0
2007-01-01,231570.0,47638.0,77.2
2007-02-01,283288.0,51718.0,43.8
2007-03-01,224528.0,-58760.0,-81.3
2007-04-01,131302.0,-93226.0,-60.2
2007-05-01,263139.0,131837.0,275.6
2007-06-01,344992.0,81853.0,94.69999999999999
2007-07-01,343354.0,-1638.0,-5.1000000000000005
2007-08-01,307410.0,-35944.0,-14.7
2007-09-01,404894.0,97484.0,73.5
2007-10-01,335093.0,-69801.0,-40.900000000000006
2007-11-01,309902.0,-25191.0,-72.3
2007-12-01,426756.0,116854.0,232.2
2008-01-01,350212.0,-76544.0,-13.0
2008-09-01,167567.0,-182645.0,-140.39999999999998
2008-10-01,177264.0,9697.0,20.8
2008-11-01,113772.0,-63492.0,-113.9
2008-12-01,130243.0,16471.0,33.9
2009-01-01,113554.0,-16689.0,-46.6
2009-02-01,184563.0,71009.0,183.3
2009-03-01,179726.0,-4837.0,-8.2
2009-04-01,115364.0,-64362.0,-111.0
2009-05-01,146044.0,30680.0,87.0
2009-06-01,158880.0,12836.0,25.4
2009-07-01,125173.0,-33707.0,-44.699999999999996
2009-08-01,160808.0,35635.0,74.0
2009-09-01,147813.0,-12995.0,-22.3
2009-10-01,158107.0,10294.0,20.3
2009-11-01,92452.0,-65655.0,-126.6
2009-12-01,160755.0,68303.0,226.7
2010-01-01,171430.0,10675.0,13.200000000000001
2010-02-01,148816.0,-22614.0,-36.9
2010-03-01,176642.0,27826.0,51.2
2010-04-01,167923.0,-8719.0,-15.9
2010-05-01,285535.0,117612.0,152.4
2010-06-01,151931.0,-133604.0,-75.30000000000001
2010-07-01,134295.0,-17636.0,-28.5
2010-08-01,144459.0,10164.0,18.2
2010-09-01,152887.0,8428.0,16.7
2010-10-01,156446.0,3559.0,4.3
2010-11-01,163613.0,7167.0,11.5
2010-12-01,165713.0,2100.0,2.2
2011-01-01,178599.0,12886.0,14.5
2011-02-01,173494.0,-5105.0,-8.2
2011-03-01,167261.0,-6233.0,-13.4
2011-04-01,153999.0,-13262.0,-24.4
2011-05-01,141897.0,-12102.0,-16.4
2011-06-01,142446.0,549.0,-7.9
2011-07-01,123425.0,-19021.0,-33.8
2011-08-01,131653.0,8228.0,11.8
2011-09-01,131514.0,-139.0,0.29999999999999993
2011-10-01,135840.0,4326.0,4.9
2011-11-01,133647.0,-2873.0,-3.9000000000000004
2011-12-01,140514.0,7547.0,10.2
2012-01-01,152253.0,11739.0,17.4
2012-02-01,150030.0,-2903.0,-74.5
2012-03-01,149702.0,-328.0,510.40000000000003
2012-04-01,139991.0,-9711.0,33.8
2012-05-01,126234.0,-13757.0,27.500000000000004
2012-06-01,120396.0,-5838.0,-22.7
2012-07-01,159255.0,38859.0,1785.8000000000002
2012-08-01,159370.0,115.0,-7.9
2012-09-01,140031.0,-19339.0,-38.9
2012-10-01,155818.0,15787.0,41.5
2012-11-01,159238.0,3420.0,10.600000000000001
2012-12-01,148362.0,-10876.0,-21.7
2013-01-01,151841.0,3479.0,12.200000000000001
2013-02-01,144267.0,-7574.0,-15.7
2013-03-01,128818.0,-15449.0,-40.800000000000004
2013-04-01,138531.0,9713.0,16.0
2013-05-01,125199.0,-13332.0,-37.0
2013-06-01,111218.0,-13981.0,-31.7
2013-07-01,116438.0,5220.0,5.500000000000002
2013-08-01,122345.0,5907.0,20.0
2013-09-01,124472.0,2127.0,8.3
2013-10-01,166374.0,41902.0,83.5
2013-11-01,171672.0,5298.0,10.1
2013-12-01,183871.0,12199.0,22.599999999999998
2014-01-01,202520.0,18649.0,23.700000000000003
2014-02-01,239175.0,36655.0,3.6999999999999957
2014-03-01,233953.0,-5222.0,-20.8
2014-04-01,233835.0,-118.0,-14.8
2014-05-01,233847.0,12.0,-12.3
2014-06-01,251282.0,17435.0,-3.3000000000000007
2014-07-01,329466.0,78184.0,19.799999999999997
2014-08-01,328267.0,-1199.0,0.5999999999999999
2014-09-01,314963.0,-13304.0,2.5999999999999996
2014-10-01,404729.0,89766.0,42.7
2014-11-01,429231.0,24502.0,33.9
2014-12-01,506492.0,77261.0,30.0
2015-01-01,518870.0,12378.0,-3.9000000000000004
2015-02-01,652940.0,134070.0,2.5
2015-03-01,618109.0,-34831.0,-37.2
2015-04-01,615659.0,-2450.0,-22.7
2015-05-01,725151.0,109492.0,11.0
2015-06-01,651662.0,-73489.0,-29.3
2015-07-01,584839.0,-66823.0,-26.1
2015-08-01,857320.0,272481.0,41.5
2015-09-01,763829.0,-93491.0,-6.9
2015-10-01,826148.0,62319.0,16.1
2015-11-01,733679.0,-92469.0,7.4
2015-12-01,867769.0,134090.0,35.3
2016-01-01,714744.0,-153025.0,3.799999999999997
2016-02-01,785773.0,71029.0,11.299999999999999
2016-03-01,845234.0,59461.0,-12.9
2016-04-01,889459.0,44225.0,-31.8
2016-05-01,673484.0,-215975.0,-46.9
2016-06-01,613756.0,-59728.0,-13.299999999999999
2016-07-01,668393.0,54637.0,-13.899999999999999
2016-08-01,631402.0,-36991.0,-14.8
2016-09-01,671478.0,40076.0,17.9
2016-10-01,697025.0,25547.0,21.3
2016-11-01,664428.0,-32597.0,23.0
2016-12-01,702226.0,37798.0,21.0
2017-01-01,858017.0,155791.0,43.400000000000006
2017-02-01,785343.0,-72674.0,-31.0
2017-03-01,780831.0,-4512.0,-11.5
2017-04-01,728537.0,-52294.0,-46.9
2017-05-01,729279.0,742.0,-10.200000000000001
2017-06-01,644596.0,-84683.0,-23.0
2017-07-01,670361.0,25765.0,7.1
2017-08-01,626044.0,-44317.0,-31.3
2017-09-01,709468.0,83424.0,20.2
2017-10-01,674835.0,-34633.0,15.5
2017-11-01,638295.0,-36540.0,52.6
2017-12-01,638526.0,231.0,13.2
2018-01-01,758776.0,120250.0,28.900000000000002
2018-02-01,728848.0,-29928.0,-15.899999999999999
2018-03-01,710912.0,-17936.0,-22.599999999999998
2018-04-01,556019.0,-154893.0,-59.800000000000004
2018-05-01,481392.0,-74627.0,-52.3
2018-06-01,449409.0,-31983.0,6.9
2018-07-01,455676.0,6267.0,-14.9
2018-08-01,481746.0,26070.0,-11.100000000000001
2018-09-01,612880.0,131134.0,28.6
2018-10-01,594113.0,-18767.0,7.3999999999999995
2018-11-01,576288.0,-17825.0,51.2
2018-12-01,781335.0,205047.0,47.1
2019-01-01,720255.0,-61080.0,-6.700000000000001
2019-02-01,686703.0,-33552.0,-23.2
2019-03-01,711735.0,25032.0,-20.1
2019-04-01,647906.0,-63829.0,-35.0
2019-05-01,616941.0,-30965.0,-16.2
2019-06-01,614513.0,-2428.0,-9.0
2019-07-01,602806.0,-11707.0,-0.7999999999999998
2019-08-01,680892.0,78086.0,-13.4
2019-09-01,745425.0,64533.0,14.600000000000001
2019-10-01,776751.0,31326.0,6.0
2019-11-01,789463.0,12712.0,38.800000000000004
2019-12-01,798764.0,9301.0,26.9
2020-01-01,850328.0,51564.0,7.0
2020-02-01,959235.0,108907.0,-13.0
2020-03-01,1269874.0,310639.0,276.5
2020-04-01,1354060.0,84186.0,14.4
2020-05-01,1220085.0,-133975.0,-43.9
2020-06-01,986980.0,-233105.0,-104.3
2020-07-01,887871.0,-99109.0,-32.1
2020-08-01,955869.0,67998.0,-28.0
2020-09-01,1003755.0,47886.0,-8.899999999999999
2020-10-01,977120.0,-26635.0,24.6
2020-11-01,1069121.0,92001.0,52.1
2020-12-01,1201522.0,132401.0,40.4
2021-01-01,1158553.0,-42969.0,7.3
2021-02-01,1156160.0,-2393.0,-26.7
2021-03-01,1234187.0,78027.0,21.999999999999996
2021-04-01,1182193.0,-51994.0,-13.9
2021-05-01,1114107.0,-68086.0,-44.3
2021-06-01,953085.0,-161022.0,-47.6
2021-07-01,788128.0,-164957.0,-32.300000000000004
2021-08-01,824180.0,36052.0,-21.7
2021-09-01,970788.0,146608.0,28.0
2021-10-01,888099.0,-82689.0,0.29999999999999893
2021-11-01,967548.0,79449.0,29.9
2021-12-01,974624.0,7076.0,18.0
2022-01-01,1019800.0,45176.0,38.400000000000006
2022-02-01,1026057.0,6257.0,8.399999999999999
2022-03-01,1019747.0,-6310.0,-25.4
2022-04-01,1042536.0,22789.0,-2.4000000000000004
2022-05-01,954908.0,-87628.0,-45.300000000000004
2022-06-01,928566.0,-26342.0,-4.9
2022-07-01,950395.0,21829.0,3.8
2022-08-01,1060765.0,110370.0,-5.800000000000001
2022-09-01,1124191.0,63426.0,7.199999999999999
2022-10-01,1110627.0,-13564.0,-14.6
2022-11-01,1156226.0,45599.0,78.7
2022-12-01,1090343.0,-65883.0,-13.1
2023-01-01,1224207.0,133864.0,21.4
2023-02-01,1378327.0,154120.0,-14.799999999999999
2023-03-01,1542231.0,163904.0,33.1
2023-04-01,1536102.0,-6129.0,-19.7
2023-05-01,1837896.0,301794.0,-19.0
2023-06-01,1692482.0,-145414.0,6.300000000000001
2023-07-01,1245840.0,-446642.0,-23.0
2023-08-01,1557039.0,311199.0,-12.5
2023-09-01,1580157.0,23118.0,52.8
2023-10-01,1412825.0,-167332.0,-10.4
2023-11-01,1184525.0,-228300.0,-8.2
2023-12-01,1276429.0,91904.0,17.8
2024-01-01,1334752.0,58323.0,9.3
2024-02-01,1431938.0,97186.0,111.19999999999999
2024-03-01,1555064.0,123126.0,24.2
2024-04-01,1647977.0,92913.0,-6.9
2024-05-01,1661558.0,13581.0,-1.0999999999999994
2024-06-01,1558198.0,-103360.0,25.1
2024-07-01,1385446.0,-172752.0,26.6
2024-08-01,1461132.0,75686.0,-21.0
2024-09-01,1515033.0,53901.0,-2.100000000000001
2024-10-01,1529352.0,14319.0,-4.100000000000001
2024-11-01,1593726.0,64374.0,16.3
2024-12-01,1777329.0,183603.0,67.2
2025-01-01,1643797.0,-133532.0,-5.7
2025-02-01,1827625.0,183828.0,2.9000000000000004
2025-03-01,1864428.0,36803.0,9.5
2025-04-01,1898525.0,34097.0,-19.3
2025-05-01,1752347.0,-146178.0,-47.0
2025-06-01,1766572.0,14225.0,29.799999999999997
2025-07-01,1506027.0,-260545.0,194.0
2025-08-01,1581554.0,75527.0,-3.2
