,month,peak,gain,average
231,2005-01-01,79165.0,37992.0,0.0
230,2005-02-01,87036.0,7871.0,0.0
229,2005-03-01,103492.0,16456.0,0.0
228,2005-04-01,87284.0,16208.0,0.0
227,2005-05-01,105295.0,18011.0,0.0
226,2005-06-01,80012.0,25283.0,0.0
225,2005-07-01,110858.0,30846.0,0.0
224,2005-08-01,132066.0,21208.0,0.0
223,2005-09-01,118588.0,13478.0,0.0
222,2005-11-01,95543.0,23045.0,0.0
221,2005-12-01,126053.0,30510.0,0.0
220,2006-08-01,132876.0,6823.0,0.0
219,2006-11-01,107770.0,25106.0,0.0
218,2006-12-01,109100.0,1330.0,0.0
217,2007-01-01,134820.0,25720.0,0.0
216,2007-02-01,188125.0,53305.0,0.0
215,2007-03-01,174450.0,13675.0,0.0
214,2007-04-01,78735.0,95715.0,0.0
213,2007-05-01,184843.0,106108.0,0.0
212,2007-06-01,232534.0,47691.0,0.0
211,2007-07-01,241132.0,8598.0,0.0
210,2007-08-01,202644.0,38488.0,0.0
209,2007-09-01,283680.0,81036.0,0.0
208,2007-10-01,223730.0,59950.0,0.0
207,2007-11-01,259403.0,35673.0,0.0
206,2007-12-01,319586.0,60183.0,0.0
205,2008-01-01,225274.0,94312.0,0.0
204,2008-09-01,73041.0,152233.0,0.0
203,2008-10-01,76504.0,3463.0,0.0
202,2008-11-01,47245.0,29259.0,0.0
201,2008-12-01,54865.0,7620.0,0.0
200,2009-01-01,48405.0,6460.0,0.0
199,2009-02-01,75123.0,26718.0,0.0
198,2009-03-01,75463.0,340.0,0.0
197,2009-04-01,49447.0,26016.0,0.0
196,2009-05-01,60245.0,10798.0,0.0
195,2009-06-01,64574.0,4329.0,0.0
194,2009-07-01,49131.0,15443.0,0.0
193,2009-08-01,62056.0,12925.0,0.0
192,2009-09-01,58498.0,3558.0,0.0
191,2009-10-01,63832.0,5334.0,0.0
190,2009-11-01,40578.0,23254.0,0.0
189,2009-12-01,69325.0,28747.0,0.0
188,2010-01-01,73033.0,3708.0,0.0
187,2010-02-01,64069.0,8964.0,0.0
186,2010-03-01,75903.0,11834.0,0.0
185,2010-04-01,73232.0,2671.0,0.0
184,2010-05-01,192924.0,119692.0,0.0
183,2010-06-01,63869.0,129055.0,0.0
182,2010-07-01,62730.0,1139.0,0.0
181,2010-08-01,67121.0,4391.0,0.0
180,2010-09-01,70849.0,3728.0,0.0
179,2010-10-01,74285.0,3436.0,0.0
178,2010-11-01,75800.0,1515.0,0.0
177,2010-12-01,76667.0,867.0,0.0
176,2011-01-01,83905.0,7238.0,0.0
175,2011-02-01,83324.0,581.0,0.0
174,2011-03-01,81839.0,1485.0,0.0
173,2011-04-01,74934.0,6905.0,0.0
172,2011-05-01,67370.0,7564.0,0.0
171,2011-06-01,69585.0,2215.0,0.0
170,2011-07-01,60630.0,8955.0,0.0
169,2011-08-01,62959.0,2329.0,0.0
168,2011-09-01,63909.0,950.0,0.0
167,2011-10-01,68660.0,4751.0,0.0
166,2011-11-01,70244.0,1584.0,0.0
165,2011-12-01,72794.0,2550.0,0.0
164,2012-01-01,80089.0,7295.0,0.0
163,2012-02-01,79920.0,169.0,0.0
162,2012-03-01,79911.0,9.0,0.0
161,2012-04-01,72325.0,7586.0,0.0
160,2012-05-01,62542.0,9783.0,0.0
159,2012-06-01,60301.0,2241.0,0.0
158,2012-07-01,54614.0,5687.0,0.0
157,2012-08-01,55321.0,707.0,0.0
156,2012-09-01,56053.0,732.0,0.0
155,2012-10-01,56957.0,904.0,0.0
154,2012-11-01,61189.0,4232.0,0.0
153,2012-12-01,65188.0,3999.0,0.0
152,2013-01-01,65100.0,88.0,0.0
151,2013-02-01,60780.0,4320.0,0.0
150,2013-03-01,49482.0,11298.0,0.0
149,2013-04-01,44392.0,5090.0,0.0
148,2013-05-01,36982.0,7410.0,0.0
147,2013-06-01,35490.0,1492.0,0.0
146,2013-07-01,34230.0,1260.0,0.0
145,2013-08-01,36983.0,2753.0,0.0
144,2013-09-01,37439.0,456.0,0.0
143,2013-10-01,39826.0,2387.0,0.0
142,2013-11-01,40743.0,917.0,0.0
141,2013-12-01,44491.0,3748.0,0.0
140,2014-01-01,44712.0,221.0,0.0
139,2014-02-01,41963.0,2749.0,0.0
138,2014-03-01,39619.0,2344.0,0.0
137,2014-04-01,35926.0,3693.0,0.0
136,2014-05-01,33969.0,1957.0,0.0
135,2014-06-01,31806.0,2163.0,0.0
134,2014-07-01,29564.0,2242.0,0.0
133,2014-08-01,30379.0,815.0,0.0
132,2014-09-01,31690.0,1311.0,0.0
131,2014-10-01,33495.0,1805.0,0.0
130,2014-11-01,36393.0,2898.0,0.0
129,2014-12-01,37018.0,625.0,0.0
128,2015-01-01,37107.0,89.0,0.0
127,2015-02-01,34271.0,2836.0,0.0
126,2015-03-01,30333.0,3938.0,0.0
125,2015-04-01,28286.0,2047.0,0.0
124,2015-05-01,26465.0,1821.0,0.0
123,2015-06-01,24200.0,2265.0,0.0
122,2015-07-01,23623.0,577.0,0.0
121,2015-08-01,22650.0,973.0,0.0
120,2015-09-01,23130.0,480.0,0.0
119,2015-10-01,24278.0,1148.0,0.0
118,2015-11-01,26133.0,1855.0,0.0
117,2015-12-01,27821.0,1688.0,0.0
116,2016-01-01,29670.0,1849.0,0.0
115,2016-02-01,29617.0,53.0,0.0
114,2016-03-01,28136.0,1481.0,0.0
113,2016-04-01,24994.0,3142.0,0.0
112,2016-05-01,22998.0,1996.0,0.0
111,2016-06-01,22585.0,413.0,0.0
110,2016-07-01,21136.0,1449.0,0.0
109,2016-08-01,21491.0,355.0,0.0
108,2016-09-01,21984.0,493.0,0.0
107,2016-10-01,23413.0,1429.0,0.0
106,2016-11-01,24792.0,1379.0,0.0
105,2016-12-01,26909.0,2117.0,0.0
104,2017-01-01,29543.0,2634.0,0.0
103,2017-02-01,28071.0,1472.0,0.0
102,2017-03-01,26504.0,1567.0,0.0
101,2017-04-01,22731.0,3773.0,0.0
100,2017-05-01,22099.0,632.0,0.0
99,2017-06-01,20312.0,1787.0,0.0
98,2017-07-01,20372.0,60.0,0.0
97,2017-08-01,18465.0,1907.0,0.0
96,2017-09-01,18755.0,290.0,0.0
95,2017-10-01,20891.0,2136.0,0.0
94,2017-11-01,24917.0,4026.0,0.0
93,2017-12-01,25817.0,900.0,0.0
92,2018-01-01,27622.0,1805.0,0.0
91,2018-02-01,26457.0,1165.0,0.0
90,2018-03-01,25896.0,561.0,0.0
89,2018-04-01,22707.0,3189.0,0.0
88,2018-05-01,18868.0,3839.0,0.0
87,2018-06-01,18856.0,12.0,0.0
86,2018-07-01,18327.0,529.0,0.0
85,2018-08-01,17136.0,1191.0,0.0
84,2018-09-01,17597.0,461.0,0.0
83,2018-10-01,18183.0,586.0,0.0
82,2018-11-01,20646.0,2463.0,0.0
81,2018-12-01,21865.0,1219.0,0.0
80,2019-01-01,23144.0,1279.0,0.0
79,2019-02-01,21470.0,1674.0,0.0
78,2019-03-01,19348.0,2122.0,0.0
77,2019-04-01,17386.0,1962.0,0.0
76,2019-05-01,16690.0,696.0,0.0
75,2019-06-01,15091.0,1599.0,0.0
74,2019-07-01,15371.0,280.0,0.0
73,2019-08-01,14971.0,400.0,0.0
72,2019-09-01,14731.0,240.0,0.0
71,2019-10-01,14937.0,206.0,0.0
70,2019-11-01,16895.0,1958.0,0.0
69,2019-12-01,18365.0,1470.0,0.0
68,2020-01-01,19141.0,776.0,0.0
67,2020-02-01,17762.0,1379.0,0.0
66,2020-03-01,30626.0,12864.0,0.0
65,2020-04-01,31930.0,1304.0,0.0
64,2020-05-01,29882.0,2048.0,0.0
63,2020-06-01,21059.0,8823.0,0.0
62,2020-07-01,18212.0,2847.0,0.0
61,2020-08-01,16560.0,1652.0,0.0
60,2020-09-01,16295.0,265.0,0.0
59,2020-10-01,18030.0,1735.0,0.0
58,2020-11-01,20916.0,2886.0,0.0
57,2020-12-01,22833.0,1917.0,0.0
56,2021-01-01,23903.0,1070.0,0.0
55,2021-02-01,21860.0,2043.0,0.0
54,2021-03-01,22393.0,533.0,0.0
53,2021-04-01,21698.0,695.0,0.0
52,2021-05-01,18140.0,3558.0,0.0
51,2021-06-01,16439.0,1701.0,0.0
50,2021-07-01,14998.0,1441.0,0.0
49,2021-08-01,14127.0,871.0,0.0
48,2021-09-01,14740.0,613.0,0.0
47,2021-10-01,15759.0,1019.0,0.0
46,2021-11-01,16406.0,647.0,0.0
45,2021-12-01,16648.0,242.0,0.0
44,2022-01-01,18530.0,1882.0,0.0
43,2022-02-01,18743.0,213.0,0.0
42,2022-03-01,16957.0,1786.0,0.0
41,2022-04-01,16696.0,261.0,0.0
40,2022-05-01,14212.0,2484.0,0.0
39,2022-06-01,13707.0,505.0,0.0
38,2022-07-01,14028.0,321.0,0.0
37,2022-08-01,13358.0,670.0,0.0
36,2022-09-01,13512.0,154.0,0.0
35,2022-10-01,13846.0,334.0,8148.0
34,2022-11-01,16122.0,2276.0,8696.0
33,2022-12-01,16250.0,128.0,9173.0
32,2023-01-01,17171.0,921.0,9741.0
31,2023-02-01,16364.0,807.0,9230.0
30,2023-03-01,15835.0,529.0,8942.0
29,2023-04-01,15526.0,309.0,8433.0
28,2023-05-01,13619.0,1907.0,7706.0
27,2023-06-01,13078.0,541.0,7688.0
26,2023-07-01,13367.0,289.0,7812.0
25,2023-08-01,12519.0,848.0,7499.0
24,2023-09-01,13621.0,1102.0,7631.0
23,2023-10-01,14241.0,620.0,7977.0
22,2023-11-01,14498.0,257.0,7973.0
21,2023-12-01,14646.0,148.0,8186.0
20,2024-01-01,15678.0,1032.0,8585.0
19,2024-02-01,15051.0,627.0,8240.0
18,2024-03-01,16326.0,1275.0,8890.0
17,2024-04-01,14510.0,1816.0,8238.0
16,2024-05-01,15880.0,1370.0,8993.0
15,2024-06-01,16640.0,760.0,9613.0
14,2024-07-01,19364.0,2724.0,10420.0
13,2024-08-01,15133.0,4231.0,8853.0
12,2024-09-01,16734.0,1601.0,9277.0
11,2024-10-01,16985.0,251.0,9839.0
10,2024-11-01,17964.0,979.0,10189.0
9,2024-12-01,19647.0,1683.0,11387.0
8,2025-01-01,20746.0,1099.0,11888.0
7,2025-02-01,19683.0,1063.0,11507.0
6,2025-03-01,18635.0,1048.0,10269.0
5,2025-04-01,18205.0,430.0,9653.0
4,2025-05-01,15811.0,2394.0,9224.0
3,2025-06-01,15730.0,81.0,8251.0
2,2025-07-01,14626.0,1104.0,7412.0
