﻿Month,Peak,Gain,% Gain,Average,Avg % Gain
Last 30 days,"6,765",-693,-9.30%,-,-
Aug-25,"7,458",231,3.20%,-,-
Jul-25,"7,227",387,5.70%,-,-
Jun-25,"6,840",-222,-3.10%,-,-
May-25,"7,062",602,9.30%,-,-
Apr-25,"6,460",-406,-5.90%,-,-
Mar-25,"6,866",-28,-0.40%,-,-
Feb-25,"6,894",392,6.00%,-,-
Jan-25,"6,502",-175,-2.60%,-,-
Dec-24,"6,677","1,046",18.60%,-,-
Nov-24,"5,631","-2,346",-29.40%,-,-
Oct-24,"7,977","-3,421",-30.00%,-,-
Sep-24,"11,398","-2,343",-17.10%,-,-
Aug-24,"13,741","2,362",20.80%,-,-
Jul-24,"11,379","-1,648",-12.70%,-,-
Jun-24,"13,027","1,712",15.10%,-,-
May-24,"11,315","-1,218",-9.70%,-,-
Apr-24,"12,533","2,821",29.00%,-,-
Mar-24,"9,712",889,10.10%,-,-
Feb-24,"8,823","1,109",14.40%,-,-
Jan-24,"7,714",-16,-0.20%,-,-
Dec-23,"7,730",-459,-5.60%,-,-
Nov-23,"8,189",-288,-3.40%,-,-
Oct-23,"8,477","-2,786",-24.70%,-,-
Sep-23,"11,263",-810,-6.70%,-,-
Aug-23,"12,073",-141,-1.20%,-,-
Jul-23,"12,214",-70,-0.60%,-,-
Jun-23,"12,284","-1,903",-13.40%,-,-
May-23,"14,187",357,2.60%,-,-
Apr-23,"13,830","-1,809",-11.60%,-,-
Mar-23,"15,639","2,728",21.10%,-,-
Feb-23,"12,911","1,949",17.80%,-,-
Jan-23,"10,962",288,2.70%,-,-
Dec-22,"10,674","2,291",27.30%,-,-
Nov-22,"8,383","2,366",39.30%,-,-
Oct-22,"6,017","-6,082",-50.30%,-,-
Sep-22,"12,099","1,018",9.20%,-,-
Aug-22,"11,081","-1,474",-11.70%,-,-
Jul-22,"12,555",842,7.20%,-,-
Jun-22,"11,713","3,015",34.70%,-,-
May-22,"8,698","-6,059",-41.10%,-,-
Apr-22,"14,757","9,761",195.40%,-,-
Mar-22,"4,996","-3,285",-39.70%,-,-
Feb-22,"8,281","-3,797",-31.40%,-,-
Jan-22,"12,078",-50,-0.40%,-,-
Dec-21,"12,128","6,435",113.00%,-,-
Nov-21,"5,693",911,19.10%,-,-
Oct-21,"4,782","-1,263",-20.90%,-,-
Sep-21,"6,045","-1,752",-22.50%,-,-
Aug-21,"7,797","3,477",80.50%,-,-
Jul-21,"4,320",753,21.10%,-,-
Jun-21,"3,567","-2,900",-44.80%,-,-
May-21,"6,467","3,191",97.40%,-,-
Apr-21,"3,276",110,3.50%,-,-
Mar-21,"3,166","-1,796",-36.20%,-,-
Feb-21,"4,962","1,257",33.90%,-,-
Jan-21,"3,705",-142,-3.70%,-,-
Dec-20,"3,847","-2,779",-41.90%,-,-
Nov-20,"6,626",21,0.30%,-,-
Oct-20,"6,605","1,551",30.70%,-,-
Sep-20,"5,054",483,10.60%,-,-
Aug-20,"4,571",-841,-15.50%,-,-
Jul-20,"5,412",-571,-9.50%,-,-
Jun-20,"5,983","-3,007",-33.40%,-,-
May-20,"8,990","3,499",63.70%,-,-
Apr-20,"5,491",626,12.90%,-,-
Mar-20,"4,865","1,023",26.60%,-,-
Feb-20,"3,842",29,0.80%,-,-
Jan-20,"3,813",-208,-5.20%,-,-
Dec-19,"4,021",574,16.70%,-,-
Nov-19,"3,447",183,5.60%,-,-
Oct-19,"3,264",453,16.10%,-,-
Sep-19,"2,811",-333,-10.60%,-,-
Aug-19,"3,144",-543,-14.70%,-,-
Jul-19,"3,687",143,4.00%,-,-
Jun-19,"3,544",493,16.20%,-,-
May-19,"3,051",-5,-0.20%,-,-
Apr-19,"3,056",554,22.10%,-,-
Mar-19,"2,502",354,16.50%,-,-
Feb-19,"2,148",-178,-7.70%,-,-
Jan-19,"2,326",-86,-3.60%,-,-
Dec-18,"2,412","-1,076",-30.80%,-,-
Nov-18,"3,488",-398,-10.20%,-,-
Oct-18,"3,886",-243,-5.90%,-,-
Sep-18,"4,129",202,5.10%,-,-
Aug-18,"3,927",146,3.90%,-,-
Jul-18,"3,781",-226,-5.60%,-,-
Jun-18,"4,007","-1,242",-23.70%,-,-
May-18,"5,249","1,834",53.70%,-,-
Apr-18,"3,415","-1,157",-25.30%,-,-
Mar-18,"4,572",605,15.30%,-,-
Feb-18,"3,967",-688,-14.80%,-,-
Jan-18,"4,655","-1,521",-24.60%,-,-
Dec-17,"6,176","1,673",37.20%,-,-
Nov-17,"4,503","-1,633",-26.60%,-,-
Oct-17,"6,136",-626,-9.30%,-,-
Sep-17,"6,762",-30,-0.40%,-,-
Aug-17,"6,792","-2,592",-27.60%,-,-
Jul-17,"9,384","-3,750",-28.60%,-,-
Jun-17,"13,134","1,914",17.10%,-,-
May-17,"11,220","4,040",56.30%,-,-
Apr-17,"7,180",-617,-7.90%,-,-
Mar-17,"7,797",86,1.10%,-,-
Feb-17,"7,711",-707,-8.40%,-,-
Jan-17,"8,418",470,5.90%,-,-
Dec-16,"7,948",-861,-9.80%,-,-
Nov-16,"8,809","-10,235",-53.70%,-,-
Oct-16,"19,044",740,4.00%,-,-
Sep-16,"18,304","3,933",27.40%,-,-
Aug-16,"14,371",849,6.30%,-,-
Jul-16,"13,522",-403,-2.90%,-,-
Jun-16,"13,925","-9,056",-39.40%,-,-
May-16,"22,981","1,324",6.10%,-,-
Apr-16,"21,657","-7,913",-26.80%,-,-
Mar-16,"29,570","-7,427",-20.10%,-,-
Feb-16,"36,997","6,089",19.70%,-,-
Jan-16,"30,908","-6,371",-17.10%,-,-
Dec-15,"37,279","-25,128",-40.30%,-,-
Nov-15,"62,407","62,349",107498.30%,-,-
Oct-15,58,0,0.00%,-,-
Sep-15,58,22,61.10%,-,-
Aug-15,36,18,100.00%,-,-
Jul-15,18,6,50.00%,-,-
Jun-15,12,0,0.00%,-,-
May-15,12,8,200.00%,-,-
Apr-15,4,-,-,-,-