﻿month,peak,gain,%gain,average,average % gain
Last 30 days,561,4,0.70%,328,-0.60%
Aug-25,557,-31,-5.30%,330,-4.90%
Jul-25,588,29,5.20%,347,9.10%
Jun-25,559,-21,-3.60%,318,-1.90%
May-25,580,-36,-5.80%,324,-3.30%
Apr-25,616,-28,-4.30%,335,-6.40%
Mar-25,644,2,0.30%,358,2.90%
Feb-25,642,-31,-4.60%,348,-9.60%
Jan-25,673,-74,-9.90%,385,1.30%
Dec-24,747,110,17.30%,380,15.50%
Nov-24,637,46,7.80%,329,3.80%
Oct-24,591,39,7.10%,317,2.90%
Sep-24,552,17,3.20%,308,-1.30%
Aug-24,535,-64,-10.70%,312,-10.10%
Jul-24,599,15,2.60%,347,16.40%
Jun-24,584,79,15.60%,298,2.80%
May-24,505,-35,-6.50%,290,-6.10%
Apr-24,540,-66,-10.90%,309,-8.30%
Mar-24,606,40,7.10%,337,2.70%
Feb-24,566,-51,-8.30%,328,-5.70%
Jan-24,617,-21,-3.30%,348,4.50%
Dec-23,638,60,10.40%,333,17.30%
Nov-23,578,-23,-3.80%,284,-19.30%
Oct-23,601,-29,-4.60%,352,-1.40%
Sep-23,630,109,20.90%,357,11.60%
Aug-23,521,-100,-16.10%,320,-12.10%
Jul-23,621,-27,-4.20%,364,13.00%
Jun-23,648,92,16.50%,322,-1.80%
May-23,556,-112,-16.80%,328,-11.40%
Apr-23,668,-40,-5.60%,370,-9.80%
Mar-23,708,73,11.50%,410,6.80%
Feb-23,635,-84,-11.70%,384,-10.10%
Jan-23,719,1,0.10%,427,2.60%
Dec-22,718,-17,-2.30%,416,14.30%
Nov-22,735,208,39.50%,364,16.70%
Oct-22,527,32,6.50%,312,-
Sep-22,495,4,0.80%,-,-
Aug-22,491,-34,-6.50%,-,-
Jul-22,525,-17,-3.10%,-,-
Jun-22,542,18,3.40%,-,-
May-22,524,-60,-10.30%,-,-
Apr-22,584,-29,-4.70%,-,-
Mar-22,613,-64,-9.50%,-,-
Feb-22,677,-20,-2.90%,-,-
Jan-22,697,11,1.60%,-,-
Dec-21,686,46,7.20%,-,-
Nov-21,640,53,9.00%,-,-
Oct-21,587,5,0.90%,-,-
Sep-21,582,-1,-0.20%,-,-
Aug-21,583,-66,-10.20%,-,-
Jul-21,649,-34,-5.00%,-,-
Jun-21,683,-69,-9.20%,-,-
May-21,752,-24,-3.10%,-,-
Apr-21,776,-30,-3.70%,-,-
Mar-21,806,-46,-5.40%,-,-
Feb-21,852,-95,-10.00%,-,-
Jan-21,947,39,4.30%,-,-
Dec-20,908,64,7.60%,-,-
Nov-20,844,118,16.30%,-,-
Oct-20,726,32,4.60%,-,-
Sep-20,694,-46,-6.20%,-,-
Aug-20,740,-181,-19.70%,-,-
Jul-20,921,-8,-0.90%,-,-
Jun-20,929,-429,-31.60%,-,-
May-20,"1,358",-173,-11.30%,-,-
Apr-20,"1,531",-45,-2.90%,-,-
Mar-20,"1,576",847,116.20%,-,-
Feb-20,729,-62,-7.80%,-,-
Jan-20,791,-28,-3.40%,-,-
Dec-19,819,73,9.80%,-,-
Nov-19,746,37,5.20%,-,-
Oct-19,709,13,1.90%,-,-
Sep-19,696,15,2.20%,-,-
Aug-19,681,-86,-11.20%,-,-
Jul-19,767,-26,-3.30%,-,-
Jun-19,793,-18,-2.20%,-,-
May-19,811,-34,-4.00%,-,-
Apr-19,845,-60,-6.60%,-,-
Mar-19,905,-64,-6.60%,-,-
Feb-19,969,-44,-4.30%,-,-
Jan-19,"1,013",-48,-4.50%,-,-
Dec-18,"1,061",-8,-0.70%,-,-
Nov-18,"1,069",209,24.30%,-,-
Oct-18,860,20,2.40%,-,-
Sep-18,840,-18,-2.10%,-,-
Aug-18,858,-127,-12.90%,-,-
Jul-18,985,-77,-7.30%,-,-
Jun-18,"1,062",128,13.70%,-,-
May-18,934,-65,-6.50%,-,-
Apr-18,999,-188,-15.80%,-,-
Mar-18,"1,187",-183,-13.40%,-,-
Feb-18,"1,370",-24,-1.70%,-,-
Jan-18,"1,394",-46,-3.20%,-,-
Dec-17,"1,440",22,1.60%,-,-
Nov-17,"1,418",374,35.80%,-,-
Oct-17,"1,044",32,3.20%,-,-
Sep-17,"1,012",0,0.00%,-,-
Aug-17,"1,012",-78,-7.20%,-,-
Jul-17,"1,090",25,2.30%,-,-
Jun-17,"1,065",6,0.60%,-,-
May-17,"1,059",-19,-1.80%,-,-
Apr-17,"1,078",-191,-15.10%,-,-
Mar-17,"1,269",22,1.80%,-,-
Feb-17,"1,247",-140,-10.10%,-,-
Jan-17,"1,387",30,2.20%,-,-
Dec-16,"1,357",56,4.30%,-,-
Nov-16,"1,301",177,15.70%,-,-
Oct-16,"1,124",73,6.90%,-,-
Sep-16,"1,051",63,6.40%,-,-
Aug-16,988,-82,-7.70%,-,-
Jul-16,"1,070",-126,-10.50%,-,-
Jun-16,"1,196",10,0.80%,-,-
May-16,"1,186",-20,-1.70%,-,-
Apr-16,"1,206",-177,-12.80%,-,-
Mar-16,"1,383",-177,-11.30%,-,-
Feb-16,"1,560",60,4.00%,-,-
Jan-16,"1,500",106,7.60%,-,-
Dec-15,"1,394",78,5.90%,-,-
Nov-15,"1,316",113,9.40%,-,-
Oct-15,"1,203",-4,-0.30%,-,-
Sep-15,"1,207",33,2.80%,-,-
Aug-15,"1,174",-30,-2.50%,-,-
Jul-15,"1,204",-78,-6.10%,-,-
Jun-15,"1,282",-30,-2.30%,-,-
May-15,"1,312",-30,-2.20%,-,-
Apr-15,"1,342",-106,-7.30%,-,-
Mar-15,"1,448",-45,-3.00%,-,-
Feb-15,"1,493",-145,-8.90%,-,-
Jan-15,"1,638",-129,-7.30%,-,-
Dec-14,"1,767",56,3.30%,-,-
Nov-14,"1,711",173,11.20%,-,-
Oct-14,"1,538",13,0.90%,-,-
Sep-14,"1,525",70,4.80%,-,-
Aug-14,"1,455",-34,-2.30%,-,-
Jul-14,"1,489",-76,-4.90%,-,-
Jun-14,"1,565",-97,-5.80%,-,-
May-14,"1,662",-58,-3.40%,-,-
Apr-14,"1,720",-44,-2.50%,-,-
Mar-14,"1,764",-102,-5.50%,-,-
Feb-14,"1,866",-291,-13.50%,-,-
Jan-14,"2,157",83,4.00%,-,-
Dec-13,"2,074",-16,-0.80%,-,-
Nov-13,"2,090",48,2.40%,-,-
Oct-13,"2,042",47,2.40%,-,-
Sep-13,"1,995",70,3.60%,-,-
Aug-13,"1,925",68,3.70%,-,-
Jul-13,"1,857",-100,-5.10%,-,-
Jun-13,"1,957",-63,-3.10%,-,-
May-13,"2,020",-114,-5.30%,-,-
Apr-13,"2,134",-754,-26.10%,-,-
Mar-13,"2,888",-394,-12.00%,-,-
Feb-13,"3,282",-96,-2.80%,-,-
Jan-13,"3,378",21,0.60%,-,-
Dec-12,"3,357",1,0.00%,-,-
Nov-12,"3,356",173,5.40%,-,-
Oct-12,"3,183",-1,0.00%,-,-
Sep-12,"3,184",-45,-1.40%,-,-
Aug-12,"3,229",-301,-8.50%,-,-
Jul-12,"3,530",-349,-9.00%,-,-
Jun-12,"3,879",-301,-7.20%,-,-
May-12,"4,180",-214,-4.90%,-,-
Apr-12,"4,394",-136,-3.00%,-,-
Mar-12,"4,530",-348,-7.10%,-,-
Feb-12,"4,878",-51,-1.00%,-,-
Jan-12,"4,929",14,0.30%,-,-
Dec-11,"4,915",-116,-2.30%,-,-
Nov-11,"5,031",52,1.00%,-,-
Oct-11,"4,979",-104,-2.00%,-,-
Sep-11,"5,083",32,0.60%,-,-
Aug-11,"5,051",-129,-2.50%,-,-
Jul-11,"5,180",-362,-6.50%,-,-
Jun-11,"5,542",-586,-9.60%,-,-
May-11,"6,128",-5,-0.10%,-,-
Apr-11,"6,133",-582,-8.70%,-,-
Mar-11,"6,715",-456,-6.40%,-,-
Feb-11,"7,171",-183,-2.50%,-,-
Jan-11,"7,354",-151,-2.00%,-,-
Dec-10,"7,505",-34,-0.50%,-,-
Nov-10,"7,539",160,2.20%,-,-
Oct-10,"7,379",-49,-0.70%,-,-
Sep-10,"7,428",347,4.90%,-,-
Aug-10,"7,081",171,2.50%,-,-
Jul-10,"6,910",-514,-6.90%,-,-
Jun-10,"7,424",-253,-3.30%,-,-
May-10,"7,677",-807,-9.50%,-,-
Apr-10,"8,484",-576,-6.40%,-,-
Mar-10,"9,060","1,057",13.20%,-,-
Feb-10,"8,003",-924,-10.40%,-,-
Jan-10,"8,927",-56,-0.60%,-,-
Dec-09,"8,983","3,993",80.00%,-,-
Nov-09,"4,990","-4,138",-45.30%,-,-
Oct-09,"9,128",494,5.70%,-,-
Sep-09,"8,634",-632,-6.80%,-,-
Aug-09,"9,266","1,302",16.30%,-,-
Jul-09,"7,964",32,0.40%,-,-
Jun-09,"7,932",596,8.10%,-,-
May-09,"7,336","1,923",35.50%,-,-
Apr-09,"5,413","-3,605",-40.00%,-,-
Mar-09,"9,018",-366,-3.90%,-,-
Feb-09,"9,384","3,491",59.20%,-,-
Jan-09,"5,893","-1,677",-22.20%,-,-
Dec-08,"7,570",242,3.30%,-,-
Nov-08,"7,328","-5,532",-43.00%,-,-
Oct-08,"12,860","1,166",10.00%,-,-
Sep-08,"11,694","-16,446",-58.40%,-,-
Jan-08,"28,140","-4,139",-12.80%,-,-
Dec-07,"32,279","10,473",48.00%,-,-
Nov-07,"21,806","-6,415",-22.70%,-,-
Oct-07,"28,221","-4,527",-13.80%,-,-
Sep-07,"32,748","5,203",18.90%,-,-
Aug-07,"27,545","-1,001",-3.50%,-,-
Jul-07,"28,546","1,290",4.70%,-,-
Jun-07,"27,256","2,268",9.10%,-,-
May-07,"24,988","13,065",109.60%,-,-
Apr-07,"11,923","-8,016",-40.20%,-,-
Mar-07,"19,939","-3,868",-16.20%,-,-
Feb-07,"23,807","1,956",9.00%,-,-
Jan-07,"21,851","3,955",22.10%,-,-
Dec-06,"17,896","2,693",17.70%,-,-
Nov-06,"15,203","-5,950",-28.10%,-,-
Aug-06,"21,153",-89,-0.40%,-,-
Dec-05,"21,242","6,418",43.30%,-,-
Nov-05,"14,824","-4,217",-22.10%,-,-
Sep-05,"19,041","-3,397",-15.10%,-,-
Aug-05,"22,438","3,784",20.30%,-,-
Jul-05,"18,654","6,601",54.80%,-,-
Jun-05,"12,053","-7,186",-37.40%,-,-
May-05,"19,239","5,951",44.80%,-,-
Apr-05,"13,288","-4,201",-24.00%,-,-
Mar-05,"17,489",987,6.00%,-,-
Feb-05,"16,502",810,5.20%,-,-
Jan-05,"15,692","-2,415",-13.30%,-,-
Dec-04,"18,107","2,891",19.00%,-,-
Nov-04,"15,216",140,0.90%,-,-
Oct-04,"15,076",-686,-4.40%,-,-
Sep-04,"15,762","1,482",10.40%,-,-
Aug-04,"14,280",-839,-5.50%,-,-
Jul-04,"15,119","1,087",7.70%,-,-
Jun-04,"14,032","4,776",51.60%,-,-
Apr-04,"9,256",-,-,-,-